"C:\Program Files\Java\jdk-13.0.2\bin\java.exe" "-javaagent:C:\Program Files\JetBrains\IntelliJ IDEA Community Edition 2021.1.2\lib\idea_rt.jar=49406:C:\Program Files\JetBrains\IntelliJ IDEA Community Edition 2021.1.2\bin" -Dfile.encoding=UTF-8 -classpath D:\3-----2\main\_wifiDataAnalysis\target\classes;C:\Users\user\.m2\repository\com\fasterxml\jackson\core\jackson-databind\2.16.0\jackson-databind-2.16.0.jar;C:\Users\user\.m2\repository\com\fasterxml\jackson\core\jackson-annotations\2.16.0\jackson-annotations-2.16.0.jar;C:\Users\user\.m2\repository\com\fasterxml\jackson\core\jackson-core\2.16.0\jackson-core-2.16.0.jar dot_sub
206.14
204.92
210.10
212.55
213.91
212.77
205.45
203.21
203.11
204.07
199.72
202.85
201.06
203.87
206.94
211.36
208.48
==========================================
204.92
204.64
209.44
212.25
213.52
212.35
204.69
202.86
203.26
203.11
198.91
201.97
200.57
202.98
206.32
210.34
208.12
==========================================
210.10
209.44
214.66
217.35
218.64
217.49
209.74
207.58
208.06
208.31
203.95
207.08
205.50
208.10
211.31
215.56
212.89
==========================================
212.55
212.25
217.35
220.42
221.70
220.52
212.35
210.30
211.39
210.49
206.09
209.46
208.07
210.45
214.04
218.34
215.94
==========================================
213.91
213.52
218.64
221.70
223.18
222.03
213.98
211.76
212.62
211.78
207.30
210.81
209.73
212.05
215.77
220.13
217.69
==========================================
212.77
212.35
217.49
220.52
222.03
221.29
212.96
210.79
212.10
210.31
206.01
209.69
208.63
210.68
214.76
219.16
216.97
==========================================
205.45
204.69
209.74
212.35
213.98
212.96
205.88
203.38
203.24
203.69
199.15
202.60
201.73
204.10
207.55
211.71
209.06
==========================================
203.21
202.86
207.58
210.30
211.76
210.79
203.38
201.50
201.57
201.32
197.07
200.39
199.35
201.64
205.15
209.08
206.93
==========================================
203.11
203.26
208.06
211.39
212.62
212.10
203.24
201.57
204.81
200.20
195.98
199.78
198.53
199.99
204.66
208.79
207.06
==========================================

Process finished with exit code 0
